1.00054931640625
2.0
2 2 6 8 8 8 12 47 65 67 67 82 86 87 97
9

5.003173828125
6.0
2 12 12 21 29 31 39 48 58 68 82 84 86 98 99
6

4.004150390625
5.0
1 8 8 9 9 15 20 20 30 41 45 48 52 74 84
7

13.003662109375
14.0
8 12 26 34 34 45 48 52 64 80 81 83 86 89 98
3

11.5001220703125
12.5
14 14 20 27 32 37 37 46 64 65 66 74 85 91 93
3

4.00390625
5.0
9 11 19 21 34 61 62 64 65 66 69 69 77 79 82
5

9.5009765625
10.5
7 14 18 23 30 32 49 53 59 65 67 67 68 72 72
3

2.501953125
3.5
15 18 37 51 54 58 66 71 71 80 81 82 82 92 96
7

11.004638671875
12.5
2 11 12 20 21 24 24 46 51 59 62 63 64 97 100
3

6.50390625
7.5
1 1 14 14 18 22 31 42 42 43 53 68 71 90 96
5

2.5037841796875
3.5
5 5 14 17 28 47 60 60 61 64 71 76 76 85 86
7